frequency	power
1418.9	0.0005964162602448439
1418.9029296875	0.0005495444728482992
1418.905859375	0.0005743592677386003
1418.9087890625	0.0005821301377132681
1418.91171875	0.0005278644962953842
1418.9146484375	0.0004788184478475503
1418.917578125	0.0004446504557521288
1418.9205078125	0.0004687695766684905
1418.9234375	0.0005078428897788024
1418.9263671875	0.0004953768206597194
1418.929296875	0.00044943059903930076
1418.9322265625	0.0004333048703242223
1418.93515625	0.0005080011219144124
1418.9380859375	0.0005133450010305754
1418.941015625	0.00047774386805145367
1418.9439453125	0.00047111041130666793
1418.946875	0.0004428982480931825
1418.9498046875	0.00044091618324712686
1418.952734375	0.00044847766807342755
1418.9556640625	0.0004273057828093967
1418.95859375	0.00046448957672408245
1418.9615234375	0.0004781375430316003
1418.964453125	0.0005050545314147287
1418.9673828125	0.0005253176559713872
1418.9703125	0.0005317050190469491
1418.9732421875	0.0004897677724262073
1418.976171875	0.0005216427810399096
1418.9791015625	0.0005217773140704341
1418.98203125	0.0005448502245661407
1418.9849609375	0.0005642497590563095
1418.987890625	0.0005371009551925998
1418.9908203125	0.0005304021943980454
1418.99375	0.0005541386009206456
1418.9966796875	0.0006327545890268557
1418.999609375	0.0005957732669402182
1419.0025390625	0.0005871607675314709
1419.00546875	0.00063158234929382
1419.0083984375	0.0005849616912805244
1419.011328125	0.0005650641933548412
1419.0142578125	0.0006578060330663532
1419.0171875	0.000658280973766254
1419.0201171875	0.0006749511167785972
1419.023046875	0.0006173256382335961
1419.0259765625	0.0006304371742607175
1419.02890625	0.000658592943316406
1419.0318359375	0.0007028578513930001
1419.034765625	0.0007218621985140653
1419.0376953125	0.0007950696062481241
1419.040625	0.000738721260603679
1419.0435546875	0.0007106614179095266
1419.046484375	0.0007679205361477075
1419.0494140625	0.0008670899499368216
1419.05234375	0.0009170485809587914
1419.0552734375	0.0009432093686377515
1419.058203125	0.0008849874134750245
1419.0611328125	0.0009042448599715825
1419.0640625	0.0009388526788570307
1419.0669921875	0.0009291456507426875
1419.069921875	0.0009781935261548853
1419.0728515625	0.0010773429657967935
1419.07578125	0.0010596054745678016
1419.0787109375	0.0009926201236864966
1419.081640625	0.0010147384995885917
1419.0845703125	0.0010813164368810057
1419.0875	0.0011051840193536423
1419.0904296875	0.001200380760837078
1419.093359375	0.0012386921496172546
1419.0962890625	0.0014489280617635723
1419.09921875	0.0012706130124593138
1419.1021484375	0.0012538087522715009
1419.105078125	0.0013614981424116262
1419.1080078125	0.0013866417620078347
1419.1109375	0.0013527788109275656
1419.1138671875	0.0014876033927589867
1419.116796875	0.0015875191975249228
1419.1197265625	0.0015248010366779368
1419.12265625	0.0015128180757542167
1419.1255859375	0.0014753816291345353
1419.128515625	0.0016545855892275635
1419.1314453125	0.0019198862126790384
1419.134375	0.0019073674486043853
1419.1373046875	0.0020979605770231396
1419.140234375	0.0018454083642140179
1419.1431640625	0.0017908363705859828
1419.14609375	0.0018267491531179006
1419.1490234375	0.0018308191557629408
1419.151953125	0.0017642835676623721
1419.1548828125	0.00194874034155584
1419.1578125	0.0021388297035642035
1419.1607421875	0.0020683831707655883
1419.163671875	0.0020766356050157604
1419.1666015625	0.002429375749507987
1419.16953125	0.002426782130390277
1419.1724609375	0.0022549236585147434
1419.175390625	0.0022996227048850933
1419.1783203125	0.0023419769448886764
1419.18125	0.0023297610016472362
1419.1841796875	0.0024813609048178692
1419.187109375	0.0025384292053774933
1419.1900390625	0.0024488368780815413
1419.19296875	0.0025189701349662462
1419.1958984375	0.002553589051579421
1419.198828125	0.0026972797444105643
1419.2017578125	0.002841659720372056
1419.2046875	0.0028546970317469655
1419.2076171875	0.002961706779157934
1419.210546875	0.0030464462668342352
1419.2134765625	0.0027720428037839298
1419.21640625	0.0027579871718493255
1419.2193359375	0.0031585157433092403
1419.222265625	0.002958487524963085
1419.2251953125	0.002881470928385643
1419.228125	0.003013130818047024
1419.2310546875	0.0030417674557612464
1419.233984375	0.0031098007470196976
1419.2369140625	0.003097013757856278
1419.23984375	0.0033298212970455715
1419.2427734375	0.003464073978621102
1419.245703125	0.0034638526582277483
1419.2486328125	0.0035775727377889057
1419.2515625	0.003104524397252673
1419.2544921875	0.0031820065041740044
1419.257421875	0.0036027707570581934
1419.2603515625	0.003821270935580118
1419.26328125	0.003962275305556752
1419.2662109375	0.003497418534713665
1419.269140625	0.003940315768290829
1419.2720703125	0.003974226426024006
1419.275	0.0038357293600255723
1419.2779296875	0.004162925060081307
1419.280859375	0.0038432727028070665
1419.2837890625	0.0037300100201884904
1419.28671875	0.003840713102921229
1419.2896484375	0.003841466668509271
1419.292578125	0.0038433644875419757
1419.2955078125	0.003986802481890866
1419.2984375	0.003894560618102279
1419.3013671875	0.004007345745461369
1419.304296875	0.004716694980730289
1419.3072265625	0.004426494631782366
1419.31015625	0.0044927963019695955
1419.3130859375	0.004579057258332338
1419.316015625	0.004484012359931939
1419.3189453125	0.004246985655293713
1419.321875	0.004514610559765481
1419.3248046875	0.004721088481310495
1419.327734375	0.00485079261870051
1419.3306640625	0.0043819621042260485
1419.33359375	0.004447344842650306
1419.3365234375	0.004631086148894516
1419.339453125	0.004777374625591716
1419.3423828125	0.004535087873994683
1419.3453125	0.004817319454974719
1419.3482421875	0.005286995342647682
1419.351171875	0.00503079007862163
1419.3541015625	0.005278460517862839
1419.35703125	0.005432912234512197
1419.3599609375	0.005066035487491237
1419.362890625	0.005020089231131099
1419.3658203125	0.004869130413504011
1419.36875	0.004713956265875226
1419.3716796875	0.005017717987089032
1419.374609375	0.004843285702815719
1419.3775390625	0.0050481511245731745
1419.38046875	0.005284815534559684
1419.3833984375	0.005694896607639162
1419.386328125	0.005447147791220408
1419.3892578125	0.004885592059085083
1419.3921875	0.005049861153804161
1419.3951171875	0.00590051958907631
1419.398046875	0.005589660260890966
1419.4009765625	0.005996993914906681
1419.40390625	0.005421631819568974
1419.4068359375	0.005042256583686967
1419.409765625	0.005285741908195604
1419.4126953125	0.0050998965681935534
1419.415625	0.005460060561753356
1419.4185546875	0.0060197739231336676
1419.421484375	0.006132132641747488
1419.4244140625	0.0060345477528892695
1419.42734375	0.005955190428079732
1419.4302734375	0.005989717835123529
1419.433203125	0.0059432416818063485
1419.4361328125	0.006106772434267417
1419.4390625	0.005619676897256776
1419.4419921875	0.0054369158763452755
1419.444921875	0.0055173505700532866
1419.4478515625	0.005866393187319196
1419.45078125	0.005481626668687717
1419.4537109375	0.005699400097338895
1419.456640625	0.005747528701305638
1419.4595703125	0.005749642919533851
1419.4625	0.005994889816415794
1419.4654296875	0.0055258886978532306
1419.468359375	0.00540779375458965
1419.4712890625	0.005185557563566705
1419.47421875	0.005854246986838353
1419.4771484375	0.005580913907263415
1419.480078125	0.005512276918354586
1419.4830078125	0.005643293404276321
1419.4859375	0.005686018770608874
1419.4888671875	0.00561411075430371
1419.491796875	0.005355258275143331
1419.4947265625	0.005899135891692974
1419.49765625	0.005900889923794126
1419.5005859375	0.005191167673034666
1419.503515625	0.005993821866970324
1419.5064453125	0.006453935918431325
1419.509375	0.006301303213090864
1419.5123046875	0.006052580401012694
1419.515234375	0.006147569612939399
1419.5181640625	0.006195288872503415
1419.52109375	0.0059973648299632394
1419.5240234375	0.006021837070189926
1419.526953125	0.005972950221652429
1419.5298828125	0.005451738130615803
1419.5328125	0.005676137981593617
1419.5357421875	0.005788641300034869
1419.538671875	0.005765424457504727
1419.5416015625	0.005978299709958544
1419.54453125	0.005424369865064488
1419.5474609375	0.0056090241998662665
1419.550390625	0.005927905304376901
1419.5533203125	0.005774503830639206
1419.55625	0.0051015169549146954
1419.5591796875	0.005597857132715666
1419.562109375	0.005680890002228951
1419.5650390625	0.005409670575167844
1419.56796875	0.005952778289452243
1419.5708984375	0.005985464330649999
1419.573828125	0.005848979053157105
1419.5767578125	0.00603099309643462
1419.5796875	0.00623372339265664
1419.5826171875	0.006783661532407722
1419.585546875	0.006227969042480198
1419.5884765625	0.005560002935454032
1419.59140625	0.005120424824189749
1419.5943359375	0.005320809609355636
1419.597265625	0.006265563617300504
1419.6001953125	0.0068560396296926205
1419.603125	0.006658129559419089
1419.6060546875	0.006698175475362537
1419.608984375	0.006153046989689811
1419.6119140625	0.006447003590263481
1419.61484375	0.00587260860128104
1419.6177734375	0.005977283947068334
1419.620703125	0.005970691269557779
1419.6236328125	0.005935632796941947
1419.6265625	0.005984665136568852
1419.6294921875	0.005955831763838888
1419.632421875	0.006155173823817528
1419.6353515625	0.005454284840481994
1419.63828125	0.005671201478431258
1419.6412109375	0.006862996143601961
1419.644140625	0.006855279339814063
1419.6470703125	0.006634981540363706
1419.65	0.006383541072631483
1419.6529296875	0.0064060835558282835
1419.655859375	0.005984026629381702
1419.6587890625	0.00584912819903625
1419.66171875	0.0061216560051229425
1419.6646484375	0.0062885755944040896
1419.667578125	0.006392340350958258
1419.6705078125	0.006365066879393847
1419.6734375	0.006171915863466453
1419.6763671875	0.006459550185702358
1419.679296875	0.006702623964802592
1419.6822265625	0.006398184192633275
1419.68515625	0.006445191682832953
1419.6880859375	0.006090627932046377
1419.691015625	0.006436669124568629
1419.6939453125	0.006001020549174843
1419.696875	0.006704094109051687
1419.6998046875	0.005782276674789386
1419.702734375	0.00577898484748901
1419.7056640625	0.0067804286617019
1419.70859375	0.0065838766407574035
1419.7115234375	0.006700211361132405
1419.714453125	0.006581078321172828
1419.7173828125	0.006390024767745182
1419.7203125	0.00624048269537273
1419.7232421875	0.0061911797546833885
1419.726171875	0.006614580325267812
1419.7291015625	0.006043536182634426
1419.73203125	0.005487569454043035
1419.7349609375	0.006192630267326662
1419.737890625	0.0066816248054751845
1419.7408203125	0.006649025679848234
1419.74375	0.006927544969815836
1419.7466796875	0.007067608831224905
1419.749609375	0.0063395781518350465
1419.7525390625	0.006027851362371269
1419.75546875	0.006331861315414282
1419.7583984375	0.006938108752173175
1419.761328125	0.006451243571668719
1419.7642578125	0.006306504015554486
1419.7671875	0.006459820673894124
1419.7701171875	0.006069568314337301
1419.773046875	0.005885477143601782
1419.7759765625	0.0060574921235451926
1419.77890625	0.006726802993984775
1419.7818359375	0.006599920137117018
1419.784765625	0.006519790006735338
1419.7876953125	0.006026224048143559
1419.790625	0.005968778806976242
1419.7935546875	0.00609768757612272
1419.796484375	0.0069154209177695785
1419.7994140625	0.006581005171754876
1419.80234375	0.006164669196456974
1419.8052734375	0.005977088907922818
1419.808203125	0.006814425055311103
1419.8111328125	0.00680258367931674
1419.8140625	0.006267072295720978
1419.8169921875	0.006455094556088187
1419.819921875	0.005951562573057345
1419.8228515625	0.005752492481610663
1419.82578125	0.005882131643038957
1419.8287109375	0.0057044170541549295
1419.831640625	0.006114116206788934
1419.8345703125	0.005755572855339115
1419.8375	0.005662912350592002
1419.8404296875	0.006211702509678546
1419.843359375	0.006094830961108449
1419.8462890625	0.006335608902220161
1419.84921875	0.006297022555636319
1419.8521484375	0.005485840823297243
1419.855078125	0.005885289700864206
1419.8580078125	0.005813428421718195
1419.8609375	0.006107308631190712
1419.8638671875	0.006311413440719714
1419.866796875	0.006252388104224656
1419.8697265625	0.006563372698434941
1419.87265625	0.006622060789282327
1419.8755859375	0.006343909038006809
1419.878515625	0.0064837092033983995
1419.8814453125	0.007051040702246592
1419.884375	0.006218127031398208
1419.8873046875	0.006091277838423778
1419.890234375	0.006443726967018377
1419.8931640625	0.00625913039989591
1419.89609375	0.006251816564271788
1419.8990234375	0.005956489778158367
1419.901953125	0.006306281265128866
1419.9048828125	0.005971820847158272
1419.9078125	0.006184450781146415
1419.9107421875	0.006269080153677644
1419.913671875	0.006675692067540735
1419.9166015625	0.006747380698521811
1419.91953125	0.006978109765531881
1419.9224609375	0.00705306066727186
1419.925390625	0.007389658545847316
1419.9283203125	0.00688063630012298
1419.93125	0.006540996519255735
1419.9341796875	0.0068163923551811025
1419.937109375	0.006922564234557008
1419.9400390625	0.0063773347868943805
1419.94296875	0.006128328887745303
1419.9458984375	0.005755350738095165
1419.948828125	0.006457885688483282
1419.9517578125	0.006737112194099282
1419.9546875	0.006825346126076252
1419.9576171875	0.007070434881517724
1419.960546875	0.00720243254577604
1419.9634765625	0.006780797638895352
1419.96640625	0.006999568258428219
1419.9693359375	0.006915340216477064
1419.972265625	0.006203626581370127
1419.9751953125	0.005608788011131656
1419.978125	0.006463617492527313
1419.9810546875	0.006717090275299167
1419.983984375	0.006531350021567591
1419.9869140625	0.006476529969206086
1419.98984375	0.006057873608794874
1419.9927734375	0.006055646627780586
1419.995703125	0.0064142795620310365
1419.9986328125	0.006896250730768281
1420.0015625	0.006716996149249169
1420.0044921875	0.006588387390178398
1420.007421875	0.0072434256662517234
1420.0103515625	0.0072889283396879835
1420.01328125	0.0068941305179090395
1420.0162109375	0.0064877566766200654
1420.019140625	0.005903235722311902
1420.0220703125	0.006296718600993693
1420.025	0.006953584809892974
1420.0279296875	0.007134155086066714
1420.030859375	0.007497780573510386
1420.0337890625	0.007733506435566671
1420.03671875	0.007177617647579757
1420.0396484375	0.0071349875952422094
1420.042578125	0.007523670397385637
1420.0455078125	0.00790959196145312
1420.0484375	0.0071605389233281025
1420.0513671875	0.006995038067014084
1420.054296875	0.00620070311620976
1420.0572265625	0.006660725845496981
1420.06015625	0.007551905232223062
1420.0630859375	0.007079836905252171
1420.066015625	0.0075223312107069
1420.0689453125	0.007301650073515426
1420.071875	0.0063848347949495305
1420.0748046875	0.0069145889365501345
1420.077734375	0.006949568530890775
1420.0806640625	0.007755889512161574
1420.08359375	0.007716341432050894
1420.0865234375	0.0071301201365792455
1420.089453125	0.0071348276472956145
1420.0923828125	0.006829199226494609
1420.0953125	0.0066905835134470105
1420.0982421875	0.007366205186614051
1420.101171875	0.007994663199894987
1420.1041015625	0.007704454621900456
1420.10703125	0.0074853875388884205
1420.1099609375	0.007689199158630437
1420.112890625	0.007583430206495559
1420.1158203125	0.00784414605736205
1420.11875	0.007653387789650116
1420.1216796875	0.007639626543795431
1420.124609375	0.007228678314392622
1420.1275390625	0.007120491734311726
1420.13046875	0.006933132425599111
1420.1333984375	0.007532271641060209
1420.136328125	0.008010410440426101
1420.1392578125	0.007534472436474633
1420.1421875	0.00784521014161128
1420.1451171875	0.007477516052214329
1420.148046875	0.007595661115620034
1420.1509765625	0.007525640007851458
1420.15390625	0.008528446651788138
1420.1568359375	0.008430586560146863
1420.159765625	0.007169272316672416
1420.1626953125	0.007442938132581324
1420.165625	0.008325125238851039
1420.1685546875	0.008263817841361383
1420.171484375	0.007761278567002841
1420.1744140625	0.006778459481387077
1420.17734375	0.007304192298720179
1420.1802734375	0.008088723448053385
1420.183203125	0.007277726097392449
1420.1861328125	0.00764264371268193
1420.1890625	0.008587847390396685
1420.1919921875	0.009010256472088514
1420.194921875	0.009448125197807558
1420.1978515625	0.00912604236911278
1420.20078125	0.00814402169773618
1420.2037109375	0.007609156727334269
1420.206640625	0.007568170233160332
1420.2095703125	0.007497276950525831
1420.2125	0.007899282979517398
1420.2154296875	0.008257219614008108
1420.218359375	0.008047111643762863
1420.2212890625	0.008601960428079541
1420.22421875	0.008717599426299086
1420.2271484375	0.008357541163949987
1420.230078125	0.007765468588693041
1420.2330078125	0.008583246012809435
1420.2359375	0.008075851875062007
1420.2388671875	0.007459810039535949
1420.241796875	0.008017245346260056
1420.2447265625	0.00805600620694454
1420.24765625	0.007908293527081348
1420.2505859375	0.00877708318511778
1420.253515625	0.008836002646558417
1420.2564453125	0.008209368785698234
1420.259375	0.007830925515481885
1420.2623046875	0.008597119992809663
1420.265234375	0.007356375451510971
1420.2681640625	0.006908351719300786
1420.27109375	0.007334100193556527
1420.2740234375	0.008354180543393831
1420.276953125	0.008419608624298029
1420.2798828125	0.008500162268054948
1420.2828125	0.008884368986714011
1420.2857421875	0.0085118687508471
1420.288671875	0.0088850263917808
1420.2916015625	0.008794415450573844
1420.29453125	0.008847747350172352
1420.2974609375	0.009209508336958652
1420.300390625	0.008580608348288494
1420.3033203125	0.008296213730165244
1420.30625	0.008385958612116051
1420.3091796875	0.008493471763391307
1420.312109375	0.008180752656308849
1420.3150390625	0.00854788702205915
1420.31796875	0.00910513853068785
1420.3208984375	0.008865285678369625
1420.323828125	0.007693418479626461
1420.3267578125	0.008382012091460082
1420.3296875	0.008294906113865857
1420.3326171875	0.00813172107489272
1420.335546875	0.009521873258476777
1420.3384765625	0.009938435118002829
1420.34140625	0.009707960166760114
1420.3443359375	0.009423835149617145
1420.347265625	0.009009015360072098
1420.3501953125	0.009195067513271938
1420.353125	0.008428886321784687
1420.3560546875	0.008744534590499259
1420.358984375	0.008675898189675938
1420.3619140625	0.009300735804958125
1420.36484375	0.00930646970701209
1420.3677734375	0.00858740436804412
1420.370703125	0.00824218698874268
1420.3736328125	0.008329108868702422
1420.3765625	0.009478230070164203
1420.3794921875	0.008589039930213337
1420.382421875	0.008314175823580024
1420.3853515625	0.009760331113006738
1420.38828125	0.010289361991994945
1420.3912109375	0.010591043004432161
1420.394140625	0.009331659127709275
1420.3970703125	0.00979200815168217
1420.4	0.009637576651596126
1420.4029296875	0.008506960430635641
1420.405859375	0.008847082892035743
1420.4087890625	0.008881116327254026
1420.41171875	0.008741250934996085
1420.4146484375	0.009838818435655828
1420.417578125	0.010141816114909788
1420.4205078125	0.00975096452401957
1420.4234375	0.009544321853244471
1420.4263671875	0.010365454322183287
1420.429296875	0.01011390601292694
1420.4322265625	0.00979401837700188
1420.43515625	0.009777535262424027
1420.4380859375	0.009783228757504873
1420.441015625	0.009498523507905962
1420.4439453125	0.008438645366878354
1420.446875	0.007892828284096301
1420.4498046875	0.008360562884483645
1420.452734375	0.010382545904874052
1420.4556640625	0.009098341440628899
1420.45859375	0.008889124254642115
1420.4615234375	0.009098331664651677
1420.464453125	0.008519610092859224
1420.4673828125	0.008423886665331962
1420.4703125	0.00869904376694728
1420.4732421875	0.008276707795063398
1420.476171875	0.007903375499821333
1420.4791015625	0.008343174669506492
1420.48203125	0.009180871556342089
1420.4849609375	0.007475550455926099
1420.487890625	0.008099173840329692
1420.4908203125	0.008831793427177733
1420.49375	0.00806183543631281
1420.4966796875	0.007753771203441973
1420.499609375	0.007854708226567387
1420.5025390625	0.008885793610249644
1420.50546875	0.007799620616395933
1420.5083984375	0.00803619860403349
1420.511328125	0.008601422924432148
1420.5142578125	0.008479498910308874
1420.5171875	0.0076079034452054654
1420.5201171875	0.007871939572433687
1420.523046875	0.0076980377558916345
1420.5259765625	0.0069236948702252115
1420.52890625	0.0076341129298757755
1420.5318359375	0.007669458874012277
1420.534765625	0.008283076852528916
1420.5376953125	0.008196939435672445
1420.540625	0.008087679276952725
1420.5435546875	0.007909150691360726
1420.546484375	0.007226646487616386
1420.5494140625	0.006957630845020881
1420.55234375	0.007457570895765927
1420.5552734375	0.00862553642132469
1420.558203125	0.00849869328177909
1420.5611328125	0.008189945565273183
1420.5640625	0.007578271674244374
1420.5669921875	0.006826240244495817
1420.569921875	0.006857287133757446
1420.5728515625	0.0065266323705833905
1420.57578125	0.007137448767983472
1420.5787109375	0.0071322419881741875
1420.581640625	0.007320083100963335
1420.5845703125	0.0073133644678978395
1420.5875	0.0067038158390269696
1420.5904296875	0.007884693003131405
1420.593359375	0.00812573808177272
1420.5962890625	0.007171777333308637
1420.59921875	0.006635688608715226
1420.6021484375	0.006436932613587516
1420.605078125	0.007041763907662048
1420.6080078125	0.0073090810954635835
1420.6109375	0.007172270449752002
1420.6138671875	0.008258381180492248
1420.616796875	0.00852122361989252
1420.6197265625	0.008085327422406568
1420.62265625	0.008152826641474585
1420.6255859375	0.00833808699688435
1420.628515625	0.008666700930266493
1420.6314453125	0.007735082659718703
1420.634375	0.007162764230791528
1420.6373046875	0.007328010534893354
1420.640234375	0.008064902247468286
1420.6431640625	0.006970809158292482
1420.64609375	0.00717935262041071
1420.6490234375	0.007360082412286799
1420.651953125	0.0076086491272699145
1420.6548828125	0.007147389287277797
1420.6578125	0.0076910576333357955
1420.6607421875	0.00740080298443308
1420.663671875	0.007447411439626049
1420.6666015625	0.007726871724979809
1420.66953125	0.00701647627037522
1420.6724609375	0.006638904897920689
1420.675390625	0.007415447818940008
1420.6783203125	0.007434112211689285
1420.68125	0.007627712937119115
1420.6841796875	0.0074603258521297
1420.687109375	0.007835237206252333
1420.6900390625	0.007601192547943713
1420.69296875	0.008078682218725953
1420.6958984375	0.007815218040403775
1420.698828125	0.007540888881399395
1420.7017578125	0.0070314971555204145
1420.7046875	0.006959367302033558
1420.7076171875	0.00699379876572899
1420.710546875	0.006841965762967881
1420.7134765625	0.006671580836473508
1420.71640625	0.0070369888779054516
1420.7193359375	0.007024556569112662
1420.722265625	0.007504615917371961
1420.7251953125	0.007576500941838653
1420.728125	0.006962458727875972
1420.7310546875	0.007141994995549115
1420.733984375	0.0071927254994907635
1420.7369140625	0.006727880794160328
1420.73984375	0.006663699872264638
1420.7427734375	0.005995342155390293
1420.745703125	0.006497494085482162
1420.7486328125	0.006331602687351367
1420.7515625	0.006545962761121996
1420.7544921875	0.006707203129124365
1420.757421875	0.006732647624476512
1420.7603515625	0.006611988530070252
1420.76328125	0.006452064448145364
1420.7662109375	0.006480944849113157
1420.769140625	0.006426427908233692
1420.7720703125	0.006129346024878961
1420.775	0.006859718740016007
1420.7779296875	0.0073161251456909685
1420.780859375	0.006815228309421547
1420.7837890625	0.007433370776308219
1420.78671875	0.006684343580425409
1420.7896484375	0.006807710960700635
1420.792578125	0.006950376181982938
1420.7955078125	0.00667195406414527
1420.7984375	0.006350155193482401
1420.8013671875	0.006913092049017505
1420.804296875	0.006759249190855888
1420.8072265625	0.006635072297052826
1420.81015625	0.006694699205013903
1420.8130859375	0.006440948046771769
1420.816015625	0.00701684154264448
1420.8189453125	0.00658465835357974
1420.821875	0.006531279801784196
1420.8248046875	0.00754743346774955
1420.827734375	0.006681843871963162
1420.8306640625	0.0057751888669373705
1420.83359375	0.006120789388504466
1420.8365234375	0.006600555442451196
1420.839453125	0.006984351605909497
1420.8423828125	0.006703348282556369
1420.8453125	0.007406726354497106
1420.8482421875	0.00671216480634804
1420.851171875	0.006127360854892157
1420.8541015625	0.006310977244450689
1420.85703125	0.006135865443028754
1420.8599609375	0.006266479523034693
1420.862890625	0.00617997779927869
1420.8658203125	0.006243689277714462
1420.86875	0.006408131049773777
1420.8716796875	0.006217445494817839
1420.874609375	0.0062991607279481755
1420.8775390625	0.005955790190724484
1420.88046875	0.006225031611416269
1420.8833984375	0.006245333313659861
1420.886328125	0.0057886296317877905
1420.8892578125	0.006158182312900238
1420.8921875	0.006437570434463774
1420.8951171875	0.005770305313702874
1420.898046875	0.005705563265114525
1420.9009765625	0.005876555043828099
1420.90390625	0.006406323736021423
1420.9068359375	0.00674234355074878
1420.909765625	0.006599516602951202
1420.9126953125	0.006651593148531821
1420.915625	0.0063647978617369
1420.9185546875	0.006269739312267107
1420.921484375	0.005749933568038101
1420.9244140625	0.005997322744094177
1420.92734375	0.006428442893567076
1420.9302734375	0.006603613449365651
1420.933203125	0.00725080319973543
1420.9361328125	0.006832202686360305
1420.9390625	0.006121546733078187
1420.9419921875	0.005942931756991769
1420.944921875	0.00552957581949195
1420.9478515625	0.005906053798844363
1420.95078125	0.006030209055059661
1420.9537109375	0.006178257925599856
1420.956640625	0.005469158211492089
1420.9595703125	0.00585990830281547
1420.9625	0.006414974304374261
1420.9654296875	0.006244451509672833
1420.968359375	0.00590522682495867
1420.9712890625	0.0060026220198766585
1420.97421875	0.005764175359793919
1420.9771484375	0.0060109374553696405
1420.980078125	0.0061743484467232015
1420.9830078125	0.006044852433091768
1420.9859375	0.006249755612977357
1420.9888671875	0.006048438812485889
1420.991796875	0.005832106651071801
1420.9947265625	0.005607551867157986
1420.99765625	0.005660231998491216
1421.0005859375	0.006085407786874124
1421.003515625	0.006645086749352349
1421.0064453125	0.006519340168302024
1421.009375	0.006497483329631687
1421.0123046875	0.006233781619259276
1421.015234375	0.006124925938768449
1421.0181640625	0.006297735393266546
1421.02109375	0.005923198440898621
1421.0240234375	0.006013961646070707
1421.026953125	0.006117751668154763
1421.0298828125	0.006008528526762452
1421.0328125	0.00714021316504087
1421.0357421875	0.006456338956430581
1421.038671875	0.0060276464516397284
1421.0416015625	0.006964824300039386
1421.04453125	0.006254750020594411
1421.0474609375	0.0056283457174927465
1421.050390625	0.006119049869390971
1421.0533203125	0.00624984085449281
1421.05625	0.006482300008159857
1421.0591796875	0.006231207043667913
1421.062109375	0.0059637288710030776
1421.0650390625	0.006378721113675724
1421.06796875	0.006089496787773263
1421.0708984375	0.006240781312726211
1421.073828125	0.005987148440206854
1421.0767578125	0.005870506441469279
1421.0796875	0.006409682969182199
1421.0826171875	0.005980083984165986
1421.085546875	0.006165154747923962
1421.0884765625	0.007009316868872264
1421.09140625	0.006891357804006344
1421.0943359375	0.006515246107026505
1421.097265625	0.0061697755229599156
1421.1001953125	0.00599238354477977
1421.103125	0.005771340943902255
1421.1060546875	0.00588715155353305
1421.108984375	0.0060795072813815305
1421.1119140625	0.005971298416311784
1421.11484375	0.0053994838807128595
1421.1177734375	0.006132750221275392
1421.120703125	0.006447079566971032
1421.1236328125	0.006423969004990968
1421.1265625	0.006658218815363554
1421.1294921875	0.006018461412993131
1421.132421875	0.005862030317578558
1421.1353515625	0.005845733833727579
1421.13828125	0.006492286658196036
1421.1412109375	0.0061390045277648405
1421.144140625	0.005518319964363214
1421.1470703125	0.006378050977843325
1421.15	0.005934346400683271
1421.1529296875	0.005774000473906653
1421.155859375	0.0059110759063874955
1421.1587890625	0.005624195274699531
1421.16171875	0.005558883713037378
1421.1646484375	0.0054364752071934565
1421.167578125	0.00580966647749123
1421.1705078125	0.005760605708983689
1421.1734375	0.005580597486870349
1421.1763671875	0.0057939202937465776
1421.179296875	0.005381579129769604
1421.1822265625	0.005428959851300691
1421.18515625	0.005788035406632236
1421.1880859375	0.005923707510224905
1421.191015625	0.006408761304338871
1421.1939453125	0.006763071350583122
1421.196875	0.005557334481904848
1421.1998046875	0.005485123402026977
1421.202734375	0.006064322035223193
1421.2056640625	0.006173516229789933
1421.20859375	0.006282112549187329
1421.2115234375	0.005794745399092138
1421.214453125	0.005617388639332279
1421.2173828125	0.0058706801673058225
1421.2203125	0.006188856526215666
1421.2232421875	0.006218366275436865
1421.226171875	0.005997550821641056
1421.2291015625	0.005583671983400918
1421.23203125	0.005417577507458144
1421.2349609375	0.005313733905203557
1421.237890625	0.005446983003622081
1421.2408203125	0.005966807814065355
1421.24375	0.005744879954768703
1421.2466796875	0.005890605723220343
1421.249609375	0.005436774946281473
1421.2525390625	0.005416737030773873
1421.25546875	0.005307741466760549
1421.2583984375	0.005636876064290191
1421.261328125	0.005641962488085222
1421.2642578125	0.005996747825961862
1421.2671875	0.006281738794972001
1421.2701171875	0.006049983655996489
1421.273046875	0.005816710595048831
1421.2759765625	0.006394564699105835
1421.27890625	0.0065268502066766305
1421.2818359375	0.005571077254307507
1421.284765625	0.005465900849501774
1421.2876953125	0.005321882385545981
1421.290625	0.0060829946658917415
1421.2935546875	0.005986065728962134
1421.296484375	0.005537672110486947
1421.2994140625	0.005414544846960117
1421.30234375	0.005471434491960502
1421.3052734375	0.005437711789210134
1421.308203125	0.005696277138224092
1421.3111328125	0.005611662127250101
1421.3140625	0.005699623071393421
1421.3169921875	0.006005177497359942
1421.319921875	0.005593909143514525
1421.3228515625	0.005266867231386089
1421.32578125	0.005504557026883977
1421.3287109375	0.005508985192998851
1421.331640625	0.0052480975874061395
1421.3345703125	0.0056249532631137645
1421.3375	0.005455001217123021
1421.3404296875	0.005115987059889262
1421.343359375	0.004921393332142481
1421.3462890625	0.00496978623404458
1421.34921875	0.00532567087852025
1421.3521484375	0.005537319740652618
1421.355078125	0.00488469988180622
1421.3580078125	0.005090641354148415
1421.3609375	0.005421235153829352
1421.3638671875	0.00541226801464987
1421.366796875	0.005970426162828259
1421.3697265625	0.005831961846825076
1421.37265625	0.005506054011613767
1421.3755859375	0.005285188852227299
1421.378515625	0.004854566374653376
1421.3814453125	0.005033271862921161
1421.384375	0.005662510976523982
1421.3873046875	0.0053846209661596416
1421.390234375	0.004829869255481606
1421.3931640625	0.004912075477539247
1421.39609375	0.005829943315221407
1421.3990234375	0.005761984471999314
1421.401953125	0.004541651461811532
1421.4048828125	0.004614328431021429
1421.4078125	0.004960743865403193
1421.4107421875	0.005020052387476246
1421.413671875	0.0045809059363957905
1421.4166015625	0.004656410375819028
1421.41953125	0.004668325943461833
1421.4224609375	0.004758977454339167
1421.425390625	0.0049763498096955655
1421.4283203125	0.005273487086754
1421.43125	0.004649407267665493
1421.4341796875	0.004520503491925887
1421.437109375	0.0044757970260352825
1421.4400390625	0.004660944653506919
1421.44296875	0.005095378491448621
1421.4458984375	0.005105375565934602
1421.448828125	0.0045197565659464934
1421.4517578125	0.004886368818296753
1421.4546875	0.0051620390779812024
1421.4576171875	0.004828680955431886
1421.460546875	0.0044986637366885305
1421.4634765625	0.004958965309826768
1421.46640625	0.004335929006657599
1421.4693359375	0.004359254590251271
1421.472265625	0.0044589368742878445
1421.4751953125	0.005070582163173483
1421.478125	0.004916131792825482
1421.4810546875	0.0040077932428262825
1421.483984375	0.004385384058053162
1421.4869140625	0.00424270339183985
1421.48984375	0.003901040189664565
1421.4927734375	0.004018831116856368
1421.495703125	0.004260949484976016
1421.4986328125	0.00467179629382327
1421.5015625	0.004636957424863883
1421.5044921875	0.004466273716068984
1421.507421875	0.004518623723484542
1421.5103515625	0.004297836637703814
1421.51328125	0.004028264943213657
1421.5162109375	0.004097699132287142
1421.519140625	0.004208461942866997
1421.5220703125	0.0038645242052893374
1421.525	0.003855083680596887
1421.5279296875	0.004274235014638864
1421.530859375	0.004451278987227911
1421.5337890625	0.004467624445079943
1421.53671875	0.004110312851178758
1421.5396484375	0.00429668428567019
1421.542578125	0.004490850578560451
1421.5455078125	0.004037690253678777
1421.5484375	0.003784996502848262
1421.5513671875	0.0036836733094926855
1421.554296875	0.0037680962616318593
1421.5572265625	0.0037588632797713405
1421.56015625	0.0035981262217781966
1421.5630859375	0.004008960274639773
1421.566015625	0.003799662929479927
1421.5689453125	0.0038934365738407485
1421.571875	0.003662826253623833
1421.5748046875	0.0035352592205636644
1421.577734375	0.0036276178127355053
1421.5806640625	0.0034335724620108035
1421.58359375	0.0036190419380774676
1421.5865234375	0.003310385618330901
1421.589453125	0.0031159191681830703
1421.5923828125	0.003382659799373579
1421.5953125	0.003704529387131327
1421.5982421875	0.0035543709506246474
1421.601171875	0.003465687832249857
1421.6041015625	0.003858239793076911
1421.60703125	0.0034925577398467467
1421.6099609375	0.0035111319279550884
1421.612890625	0.0033907608544123478
1421.6158203125	0.0028291148847069407
1421.61875	0.0030079538028770316
1421.6216796875	0.0034326150036000907
1421.624609375	0.003689826768314103
1421.6275390625	0.0032195062508695547
1421.63046875	0.003026300212206143
1421.6333984375	0.003163053028827965
1421.636328125	0.0031410026070688604
1421.6392578125	0.0030863294278492097
1421.6421875	0.003302176946835368
1421.6451171875	0.003225869790053637
1421.648046875	0.0030078899326589
1421.6509765625	0.0029764436576324065
1421.65390625	0.0027377670758093413
1421.6568359375	0.00272390763180177
1421.659765625	0.0029563548495984073
1421.6626953125	0.0029027186694415017
1421.665625	0.002879131387232033
1421.6685546875	0.0025786232592788665
1421.671484375	0.0026516728699424036
1421.6744140625	0.0025762843332837724
1421.67734375	0.0027809438636457367
1421.6802734375	0.00285500918686564
1421.683203125	0.0028098764985520926
1421.6861328125	0.0025923279451699195
1421.6890625	0.002344369277992709
1421.6919921875	0.0023208093361785052
1421.694921875	0.002472251693155691
1421.6978515625	0.002509720976184173
1421.70078125	0.002402324956447121
1421.7037109375	0.0025670963115965208
1421.706640625	0.002511435220246467
1421.7095703125	0.0024483109936752215
1421.7125	0.002482984386846294
1421.7154296875	0.0021887093516244974
1421.718359375	0.002190278541417518
1421.7212890625	0.0021240467723697724
1421.72421875	0.0022990376497024336
1421.7271484375	0.0021219137083742044
1421.730078125	0.0022167668256753525
1421.7330078125	0.0021495842085287333
1421.7359375	0.0021397358203121284
1421.7388671875	0.0020108087006127295
1421.741796875	0.002046784723830691
1421.7447265625	0.0022408963136587878
1421.74765625	0.002226993197408597
1421.7505859375	0.002227872077867354
1421.753515625	0.002108886078243713
1421.7564453125	0.002177962604889196
1421.759375	0.0019920723858038603
1421.7623046875	0.0017443858180213895
1421.765234375	0.002031821948274868
1421.7681640625	0.0019687150140673543
1421.77109375	0.0017749677784050343
1421.7740234375	0.0017606141047123505
1421.776953125	0.0017057468924506348
1421.7798828125	0.0017464193326492692
1421.7828125	0.0018085878078235018
1421.7857421875	0.0016934757993251949
1421.788671875	0.001681166476788496
1421.7916015625	0.0016399976458224058
1421.79453125	0.0017364180355160133
1421.7974609375	0.0015171074155421696
1421.800390625	0.0015101298590580138
1421.8033203125	0.001493645899448241
1421.80625	0.0014650448667639154
1421.8091796875	0.0015033576989818926
1421.812109375	0.001653129368845274
1421.8150390625	0.0015665928448635557
1421.81796875	0.0014758126331543694
1421.8208984375	0.0013870380076209474
1421.823828125	0.0014561144568643024
1421.8267578125	0.0013544517456832142
1421.8296875	0.0012674765841498828
1421.8326171875	0.0011953935323632781
1421.835546875	0.0011032407473932743
1421.8384765625	0.001132026357496852
1421.84140625	0.001147650051135153
1421.8443359375	0.0011634561937364299
1421.847265625	0.001134614955286397
1421.8501953125	0.0010243091769120399
1421.853125	0.0009462452192593192
1421.8560546875	0.000918320635333487
1421.858984375	0.0008672902459791622
1421.8619140625	0.0009141056164302903
1421.86484375	0.0009358832259686493
1421.8677734375	0.00084810415393618
1421.870703125	0.0007734081705309104
1421.8736328125	0.0007893307218264427
1421.8765625	0.000771619850405029
1421.8794921875	0.0007799233900056045
1421.882421875	0.0007168239828796555
1421.8853515625	0.0006750500720709334
1421.88828125	0.0006813649850643923
1421.8912109375	0.0006681470638196885
1421.894140625	0.0006419815023316908
1421.8970703125	0.0006731167459594647
